70
105
145
150
155
170
310
315
705
725
765
805
885
890
1030
1035
1190
1195
1205
1210
1215
1450
2610
2615
2620
2625
2630
2635
2640
2645
2650
2655
2660
2665
2670
2675
2680
2685
2690
2695
2700
2705
2710
2715
2720
2725
2730
2735
2740
2745
2750
2755
2760
2765
2770
2775
2780
2790
3330
5090
5095
5115
5145
5150
5170
5175
5230
5245
5255
5260
5530
5535
5570
5575
6705
6725
7265
7270
7625
8315
8325
8330
8445
8450
8465
8470
8475
8485
8490
8495
8515
8530
8630
9135
9415
9430
9435
9585
9590
9595
9825
9830
9840
9870
10050
10055
10070
10075
10765
10770
10775
10810
10815
10830
10845
10865
11930
12085
12090
12095
12100
12105
12110
13310
13315
14475
14595
14750
14805
14810
14815
14820
14825
15665
15670
15675
15990
15995
16000
16005
17445
17645
17650
17670
17675
17685
17745
17750
17755
17765
17770
17775
